11111111
11111111
11111111
11111111
11111111
11111111
11111111
11111111
11111111
11111111
11111111
11111111
11111111
11111111
11111111
11111111
11111111
11111111
11111111
11111111
11111111
11111111
11111111
11111111
11111111
11111111
11111111
00000000
11111111
11111111
11111111
11111000
00000000
00011111
11111111
11111111
11110000
00000000
00001111
11111111
11111111
11000001
11111111
10000011
11111111
11111111
10000111
11111111
11100001
11111111
11111111
00001111
11111111
11110000
11111111
11111111
00011111
11111111
11111000
11111111
11111110
00111111
11111111
11111100
01111111
11111100
01111111
11111111
11111110
00111111
11111100
01111111
11111111
11111110
00111111
11111100
11111000
11111111
00011111
00111111
11111000
11111000
11111111
00011111
00011111
11111000
11111000
11111111
00011111
00011111
11111000
11111001
11111111
10011111
00011111
11111000
11111111
11111111
11111111
00011111
11111000
11111111
11111111
11111111
00011111
11111000
11111111
11111111
11111111
00011111
11111000
11111111
11111111
11111111
00011111
11111000
11111111
11111111
11111111
00011111
11111100
11110011
11111111
11001111
00111111
11111100
01110001
11111111
10001110
00111111
11111100
01110000
11111111
00001110
00111111
11111110
00111000
00000000
00011100
01111111
11111111
00011110
00000000
01111000
11111111
11111111
00001111
10000001
11110000
11111111
11111111
10000111
11111111
11100001
11111111
11111111
11000001
11111111
10000011
11111111
11111111
11110000
00000000
00001111
11111111
11111111
11111000
00000000
00011111
11111111
11111111
11111111
00000000
11111111
11111111
11111111
11111111
11111111
11111111
11111111
11111111
11111111
11111111
11111111
11111111
11111111
11111111
11111111
11111111
11111111
11111111
11111111
11111111
11111111
11111111
11111111
11111111
11111111
11111111
11111111
